departamento	ciudad_municipio	departamento_nom	ciudad_municipio_nom	LATITUD	LONGITUD
5	5001	ANTIOQUIA	MEDELLIN	-75,5760017134	6,24858636743
5	5030	ANTIOQUIA	AMAGA	-75,7019483389	6,03880842381
5	5042	ANTIOQUIA	SANTA FE DE ANTIOQUIA	-75,8270783216	6,55653286033
5	5045	ANTIOQUIA	APARTADO	-76,6258909217	7,88325108195
5	5051	ANTIOQUIA	ARBOLETES	-76,4266581639	8,84991827334
5	5079	ANTIOQUIA	BARBOSA	-75,3316403017	6,4392260115
5	5088	ANTIOQUIA	BELLO	-75,5546673053	6,33406558292
5	5101	ANTIOQUIA	BOLIVAR	-76,0215106815	5,85027282845
5	5129	ANTIOQUIA	CALDAS	-75,6336168248	6,09129760323
5	5147	ANTIOQUIA	CAREPA	-76,653210744	7,75511548219
5	5154	ANTIOQUIA	CAUCASIA	-75,1982784645	7,97734097812
5	5172	ANTIOQUIA	CHIGORODO	-76,6812146131	7,66630069082
5	5190	ANTIOQUIA	CISNEROS	-75,0872051341	6,53776304826
5	5212	ANTIOQUIA	COPACABANA	-75,5093435119	6,34863947056
5	5266	ANTIOQUIA	ENVIGADO	-75,5830089369	6,16700589298
5	5308	ANTIOQUIA	GIRARDOTA	-75,4444597681	6,37961535607
5	5360	ANTIOQUIA	ITAGUI	-75,6120815283	6,174929734
5	5376	ANTIOQUIA	LA CEJA	-75,4294329272	6,02805465836
5	5380	ANTIOQUIA	LA ESTRELLA	-75,645190382	6,15841993
5	5400	ANTIOQUIA	LA UNION	-75,3608622911	5,97387113417
5	5440	ANTIOQUIA	MARINILLA	-75,3394598367	6,17404951538
5	5607	ANTIOQUIA	RETIRO	-75,5013756659	6,06338107129
5	5615	ANTIOQUIA	RIONEGRO	-75,3767667557	6,1472245313
5	5631	ANTIOQUIA	SABANETA	-75,6155845416	6,15096981767
5	5697	ANTIOQUIA	SANTUARIO	-75,2654679804	6,13685720436
5	5887	ANTIOQUIA	YARUMAL	-75,4188327746	6,96387109143
81	81001	ARAUCA	ARAUCA	-70,748009803	7,07390170095
81	81300	ARAUCA	FORTUL	-71,7685562393	6,79707707295
81	81794	ARAUCA	TAME	-71,7537617572	6,45344199261
8	8573	ATLANTICO	PUERTO COLOMBIA	-74,851963055	11,022939949
8	8634	ATLANTICO	SABANAGRANDE	-74,7585063109	10,7910757719
8	8638	ATLANTICO	SABANALARGA	-74,9210950072	10,6328326108
8	8758	ATLANTICO	SOLEDAD	-74,7848339582	10,9101742784
8001	8001	BARRANQUILLA	BARRANQUILLA	-74,8132169683	10,9783195607
11	11001	BOGOTA	BOGOTA	-74,106715324	4,64993705899
13	13052	BOLIVAR	ARJONA	-75,3444876588	10,256630539
13	13430	BOLIVAR	MAGANGUE	-74,7667304396	9,26381346247
13	13442	BOLIVAR	MARIA LA BAJA	-75,3007611748	9,98264680271
13	13836	BOLIVAR	TURBACO	-75,424409165	10,332772802
15	15238	BOYACA	DUITAMA	-73,030610836	5,82298464605
17	17001	CALDAS	MANIZALES	-75,4910467146	5,05768733557
17	17388	CALDAS	LA MERCED	-75,5465723441	5,3963721836
17	17777	CALDAS	SUPIA	-75,6496602648	5,44683429424
18	18001	CAQUETA	FLORENCIA	-75,6085597398	1,61792408755
18	18592	CAQUETA	PUERTO RICO	-75,1574899204	1,90893446756
13001	13001	CARTAGENA	CARTAGENA	-75,4964264795	10,3849883546
85	85001	CASANARE	YOPAL	-72,3969155417	5,32761201728
85	85139	CASANARE	MANI	-72,2813966623	4,81682498993
19	19001	CAUCA	POPAYAN	-76,5988923721	2,45994897276
19	19698	CAUCA	SANTANDER DE QUILICHAO	-76,4853693048	3,0160508863
20	20001	CESAR	VALLEDUPAR	-73,2593904181	10,4604806696
20	20550	CESAR	PELAYA	-73,6663564352	8,68865050982
23	23001	CORDOBA	MONTERIA	-75,8732573059	8,75981523965
23	23555	CORDOBA	PLANETA RICA	-75,5832417103	8,40820221055
25	25175	CUNDINAMARCA	CHIA	-74,0503469604	4,86606490054
25	25286	CUNDINAMARCA	FUNZA	-74,2014894559	4,71038172914
25	25290	CUNDINAMARCA	FUSAGASUGA	-74,3754601635	4,33667468248
25	25307	CUNDINAMARCA	GIRARDOT	-74,7977961492	4,31307939531
25	25320	CUNDINAMARCA	GUADUAS	-74,6029553866	5,07187008998
25	25473	CUNDINAMARCA	MOSQUERA	-74,2193416046	4,70701024824
25	25740	CUNDINAMARCA	SIBATE	-74,2578772349	4,49261081381
25	25754	CUNDINAMARCA	SOACHA	-74,2154309452	4,57939176705
25	25899	CUNDINAMARCA	ZIPAQUIRA	-73,9944757558	5,02547142431
44	44001	GUAJIRA	RIOHACHA	-72,9114873118	11,5287502128
44	44090	GUAJIRA	DIBULLA	-73,3076206855	11,2715687878
44	44430	GUAJIRA	MAICAO	-72,2419044542	11,3783279454
44	44847	GUAJIRA	URIBIA	-72,2647599261	11,7146470766
41	41001	HUILA	NEIVA	-75,2777314808	2,93555887476
41	41013	HUILA	AGRADO	-75,7719044253	2,259730156
41	41016	HUILA	AIPE	-75,2390312259	3,22359766887
41	41206	HUILA	COLOMBIA	-74,8028152505	3,37697664839
47	47288	MAGDALENA	FUNDACION	-74,1913417387	10,5140917977
50	50001	META	VILLAVICENCIO	-73,624562528	4,1238593011
52	52001	NARIÑO	PASTO	-77,27877597	1,21245507293
54	54001	NORTE SANTANDER	CUCUTA	-72,5080651202	7,90558402069
54	54518	NORTE SANTANDER	PAMPLONA	-72,64768472	7,37284757284
63	63001	QUINDIO	ARMENIA	-75,6807545438	4,535987208
63	63130	QUINDIO	CALARCA	-75,6455330683	4,52148797904
63	63401	QUINDIO	LA TEBAIDA	-75,786460159	4,45365278508
66	66001	RISARALDA	PEREIRA	-75,7190152322	4,80532287092
66	66088	RISARALDA	BELEN DE UMBRIA	-75,868216089	5,20064515187
66	66170	RISARALDA	DOSQUEBRADAS	-75,6761693197	4,83402887527
66	66682	RISARALDA	SANTA ROSA DE CABAL	-75,6234918103	4,87640374593
68	68001	SANTANDER	BUCARAMANGA	-73,1325976221	7,11626842734
68	68081	SANTANDER	BARRANCABERMEJA	-73,8499567312	7,06496573153
68	68276	SANTANDER	FLORIDABLANCA	-73,0990307075	7,07236450273
68	68307	SANTANDER	GIRON	-73,1667133582	7,07052391696
68	68547	SANTANDER	PIEDECUESTA	-73,0545933904	6,99735677431
68	68689	SANTANDER	SAN VICENTE DE CHUCURI	-73,4110187818	6,88037882713
47001	47001	STA MARTA D.E.	SANTA MARTA	-74,2002109893	11,2047725963
70	70001	SUCRE	SINCELEJO	-75,395481772	9,30233021687
70	70124	SUCRE	CAIMITO	-75,1171440547	8,78932537693
70	70215	SUCRE	COROZAL	-75,2931493701	9,31910061656
70	70508	SUCRE	OVEJAS	-75,2290829562	9,52668815702
73	73001	TOLIMA	IBAGUE	-75,1953679078	4,43280938914
73	73217	TOLIMA	COYAIMA	-75,193878839	3,79803620302
73	73268	TOLIMA	ESPINAL	-74,8854483928	4,1513156087
76	76001	VALLE	CALI	-76,5215601611	3,4144187719
76	76109	VALLE	BUENAVENTURA	-77,0117477782	3,87580334574
76	76147	VALLE	CARTAGO	-75,942264044	4,758755097
76	76497	VALLE	OBANDO	-75,9746885479	4,57572205449
76	76520	VALLE	PALMIRA	-76,2985815873	3,53234954501